124
132
139
146
152
157
160
161
160
157
153
147
140
132
125
118
112
107
103
101
101
102
104
107
111
115
119
122
124
126
126
125
124
122
119
116
114
112
111
111
113
115
118
122
126
131
135
139
142
143
144
143
140
137
132
127
122
118
113
110
108
108
109
112
116
121
127
134
140
146
150
154
156
156
155
152
147
141
135
129
122
116
111
107
104
103
103
104
106
109
112
116
119
121
123
124
125
124
123
121
119
117
116
115
114
115
116
118
121
125
128
132
135
138
140
141
141
139
137
134
130
126
122
119
115
113
112
113
114
117
121
125
130
135
140
144
148
150
151
150
148
145
141
136
131
125
120
115
111
108
106
105
106
107
109
111
114
116
119
121
122
123
123
123
122
121
120
118
118
117
117
118
120
122
124
127
130
132
135
137
138
138
137
136
134
132
129
126
123
120
118
117
117
117
119
121
124
128
132
135
139
142
144
145
145
144
142
139
136
132
127
123
119
116
113
111
109
109
109
110
111
113
115
117
118
120
121
121
122
121
121
121
120
120
120
120
121
122
123
125
127
129
131
132
134
135
135
135
134
133
131
129
127
125
124
122
121
121
121
122
123
125
128
130
132
135
137
138
139
139
139
138
136
133
131
128
125
122
119
117
115
114
113
113
113
113
114
115
116
117
118
119
119
120
120
120
121
121
121
121
122
123
124
125
126
127
128
130
131
132
132
132
132
132
131
130
129
128
127
126
125
125
124
125
125
126
127
128
130
131
132
133
134
134
134
134
133
132
130
128
127
125
123
121
120
119
118
117
117
116
116
116
117
117
117
117
118
118
119
119
119
120
120
121
122
123
124
125
126
127
128
129
130
130
130
130
130
130
130
129
129
128
128
127
127
127
127
127
127
128
128
129
130
130
131
131
131
131
130
130
129
128
127
126
125
125
124
123
122
122
121
121
121
120
120
120
120
119
119
119
118
118
118
118
118
118
119
120
121
122
123
124
125
127
128
128
129
130
130
130
130
129
129
128
128
127
127
127
127
127
127
128
128
129
130
130
131
131
131
131
131
130
129
128
127
126
125
124
123
122
122
122
122
122
122
123
123
123
124
124
123
123
122
122
121
120
119
119
118
118
118
118
119
120
121
122
124
125
126
127
128
129
129
130
129
129
128
128
127
127
126
126
126
126
127
127
128
129
130
131
131
132
132
132
132
131
130
128
127
125
124
123
121
121
120
120
120
121
121
122
123
124
125
126
126
126
126
125
125
124
122
121
120
119
119
118
118
119
119
120
121
123
124
125
127
128
128
129
129
129
128
128
127
127
126
126
125
125
126
126
127
128
129
130
131
132
132
132
132
132
131
130
128
126
125
123
122
120
119
119
119
119
120
121
122
123
124
126
127
127
128
128
128
127
126
125
124
122
121
120
120
119
119
119
120
121
122
123
124
125
126
127
127
128
128
127
127
127
126
126
125
125
125
126
126
127
128
129
130
131
131
132
132
132
131
131
129
128
126
125
123
121
120
119
119
118
119
119
120
121
123
124
126
127
128
129
129
129
129
128
127
126
125
123
122
121
121
120
120
120
121
121
122
123
124
124
125
126
126
126
126
126
126
125
125
125
125
125
126
126
127
128
129
129
130
131
131
131
131
131
130
129
128
126
125
123
122
121
120
119
119
119
120
121
122
123
124
125
127
128
129
129
129
129
129
128
127
126
125
124
123
123
122
122
121
121
121
122
122
122
123
123
124
124
124
124
124
124
124
124
125
125
125
126
126
127
128
129
129
130
130
131
130
130
130
129
128
127
126
124
123
122
121
121
120
120
121
121
122
123
124
125
126
127
127
128
129
129
129
129
128
128
127
127
126
125
124
124
123
123
123
122
122
122
122
122
122
122
122
122
122
122
122
123
123
124
124
125
126
127
127
128
129
129
130
130
130
130
129
129
128
127
126
125
124
123
123
122
122
122
122
122
123
123
124
125
126
126
127
127
128
128
128
128
128
128
127
127
127
126
126
126
125
125
124
124
124
123
123
122
122
121
121
120
120
120
120
120
121
121
122
123
124
125
126
127
128
129
129
130
130
130
129
129
128
127
126
126
125
124
124
123
123
123
123
124
124
125
126
126
127
127
128
128
128
128
128
128
127
127
127
127
126
126
126
126
126
126
126
125
125
125
124
124
123
122
121
121
120
119
119
119
119
119
120
121
122
123
124
125
126
127
128
129
129
129
129
129
128
128
127
126
125
125
124
124
124
124
124
125
125
126
127
128
128
129
129
129
129
129
128
128
127
127
126
126
125
125
125
125
125
125
126
126
126
126
125
125
124
124
123
122
121
120
119
119
118
118
118
119
119
120
121
123
124
125
126
127
128
128
129
129
128
128
127
127
126
126
125
125
125
125
125
126
126
127
128
129
129
130
130
130
130
130
129
129
128
127
126
126
125
125
124
124
124
124
124
125
125
125
125
125
125
124
124
123
122
122
121
120
119
119
119
118
119
119
120
120
121
122
123
124
125
126
126
127
127
127
127
127
127
126
126
126
126
126
127
127
128
128
129
130
130
131
131
131
131
131
131
130
129
128
127
127
126
125
124
124
123
123
123
123
123
123
124
124
124
124
124
123
123
123
122
122
121
121
120
120
120
120
120
120
120
121
121
122
122
123
123
124
124
125
125
125
126
126
127
127
127
128
129
129
130
130
131
131
132
132
132
132
132
132
131
131
130
129
128
127
126
126
125
124
124
123
123
122
122
122
122
122
122
122
122
122
122
122
122
122
122
122
122
122
122
122
122
121
121
121
121
121
121
121
120
121
121
121
121
122
123
124
125
126
127
129
130
131
132
133
134
134
135
135
135
134
134
133
132
131
130
129
128
127
127
126
125
125
124
124
123
123
122
122
121
121
121
120
120
120
120
120
120
120
121
121
122
123
123
124
124
124
124
124
124
123
122
121
120
119
118
118
117
118
118
119
120
122
124
127
129
131
133
135
137
138
139
139
139
138
137
136
134
132
131
129
128
127
126
125
125
124
124
124
124
124
123
123
122
122
121
120
119
118
117
117
117
117
118
119
120
121
123
124
126
127
127
128
128
127
126
125
123
121
119
117
115
114
114
114
115
116
118
121
124
128
131
135
138
140
142
144
144
144
142
141
139
136
133
131
128
126
124
123
122
122
122
123
123
124
124
124
124
124
123
122
120
119
117
116
115
114
114
114
115
117
119
121
124
126
128
130
131
132
131
130
128
126
123
120
117
114
112
110
110
110
111
114
117
121
125
130
135
139
143
146
148
149
149
148
146
143
139
135
131
128
125
122
120
119
119
119
120
121
122
123
124
125
125
124
123
122
120
118
115
114
112
111
111
112
113
116
119
122
125
128
131
134
135
136
135
133
131
127
123
119
115
111
108
107
106
106
108
112
116
121
127
133
139
144
149
152
154
154
153
151
148
143
139
134
129
124
120
118
116
115
115
116
118
120
122
124
125
126
126
125
124
122
119
116
114
111
110
109
109
110
112
115
119
123
127
131
135
137
139
139
138
136
132
128
123
118
113
108
105
103
103
104
106
111
116
123
130
137
144
149
154
157
159
159
157
153
149
143
137
131
125
120
116
113
111
111
112
114
116
119
122
124
126
127
127
126
124
122
118
115
112
109
107
107
107
108
111
115
119
124
129
134
138
141
142
142
141
138
133
128
122
116
111
106
102
100
100
102
106
111
117
125
133
141
148
154
159
162
163
162
159
154
148
141
134
127
121
115
111
108
107
107
109
112
115
118
122
125
127
128
128
126
124
121
118
114
111
108
106
105
106
108
111
116
121
126
132
137
141
144
145
145
142
139
134
128
121
115
109
104
100
99
99
102
106
112
120
128
136
145
152
158
163
165
165
163
159
153
147
139
131
123
117
111
107
105
104
105
107
110
114
118
122
125
127
128
128
127
124
121
117
113
110
107
105
105
106
108
112
117
123
129
134
139
143
146
147
146
143
139
133
127
120
113
107
102
99
98
99
102
108
114
122
131
140
148
155
161
165
166
166
163
158
151
144
136
127
120
113
107
104
102
102
103
106
110
114
118
122
125
128
128
128
126
124
120
116
113
109
107
105
105
107
110
114
119
125
131
136
141
145
147
147
146
143
138
132
125
119
112
106
102
100
99
101
105
110
117
125
134
143
151
157
162
165
166
164
161
155
148
140
132
124
116
110
105
102
100
100
102
106
110
114
118
122
125
127
128
128
126
123
120
116
113
110
107
107
107
109
112
116
121
127
133
138
142
145
147
147
145
141
136
131
124
118
112
107
103
101
102
104
108
114
121
129
137
145
152
158
162
164
164
161
157
151
144
136
128
120
113
108
103
101
100
101
103
106
110
114
119
122
125
127
127
127
125
122
119
116
113
111
109
109
109
111
115
119
124
129
134
139
142
145
146
145
143
139
134
129
123
117
112
108
105
104
105
108
112
118
