1000
2.5
2.484198
2.46828
2.452308
2.436343
2.420448
2.40468
2.389101
2.373766
2.358732
2.344052
2.32978
2.315964
2.302652
2.289888
2.277715
2.266171
2.255292
2.245112
2.235658
2.226958
2.219032
2.211901
2.205577
2.200074
2.195396
2.191549
2.188532
2.18634
2.184964
2.184394
2.184614
2.185603
2.187339
2.189797
2.192945
2.196751
2.201179
2.206189
2.211741
2.217789
2.224286
2.231184
2.23843
2.245973
2.253756
2.261725
2.269822
2.277989
2.286167
2.294297
2.302319
2.310175
2.317804
2.325148
2.33215
2.338753
2.344901
2.350541
2.355619
2.360086
2.363893
2.366995
2.369347
2.37091
2.371645
2.371518
2.370497
2.368555
2.365665
2.361807
2.356964
2.351121
2.344269
2.336401
2.327516
2.317614
2.306701
2.294788
2.281886
2.268014
2.253193
2.237446
2.220804
2.203296
2.184959
2.165831
2.145954
2.125373
2.104135
2.08229
2.059892
2.036994
2.013654
1.989932
1.965886
1.94158
1.917076
1.892439
1.867732
1.843022
1.818374
1.793852
1.769522
1.745448
1.721695
1.698324
1.675397
1.652974
1.631114
1.609872
1.589303
1.569458
1.550387
1.532137
1.51475
1.498267
1.482726
1.468161
1.454602
1.442076
1.430606
1.420212
1.41091
1.40271
1.395621
1.389648
1.384788
1.38104
1.378393
1.376838
1.376358
1.376934
1.378542
1.381156
1.384746
1.389278
1.394716
1.40102
1.408147
1.416052
1.424688
1.434003
1.443947
1.454464
1.465498
1.476994
1.488891
1.50113
1.513652
1.526395
1.539298
1.5523
1.56534
1.578357
1.591293
1.604088
1.616684
1.629026
1.641059
1.65273
1.663988
1.674786
1.685077
1.694818
1.703969
1.712491
1.720352
1.727519
1.733965
1.739666
1.744602
1.748754
1.752111
1.754662
1.756402
1.757329
1.757445
1.756757
1.755273
1.753008
1.749978
1.746205
1.741712
1.736528
1.730684
1.724215
1.717157
1.709551
1.701441
1.692872
1.683892
1.674551
1.664903
1.655001
1.644901
1.63466
1.624335
1.613987
1.603675
1.593459
1.583398
1.573554
1.563986
1.554753
1.545913
1.537524
1.529641
1.52232
1.515612
1.509569
1.504238
1.499667
1.495898
1.492973
1.490929
1.489801
1.489621
1.490417
1.492213
1.495031
1.498888
1.503798
1.509771
1.516812
1.524923
1.534103
1.544346
1.555642
1.567978
1.581335
1.595693
1.611026
1.627306
1.644501
1.662574
1.681488
1.7012
1.721664
1.742834
1.764658
1.787083
1.810055
1.833516
1.857406
1.881666
1.906233
1.931043
1.956032
1.981136
2.006289
2.031426
2.056481
2.081389
2.106085
2.130506
2.154589
2.178272
2.201496
2.224201
2.246333
2.267836
2.288659
2.308753
2.328071
2.34657
2.364209
2.38095
2.396761
2.411609
2.42547
2.438319
2.450136
2.460907
2.47062
2.479266
2.486843
2.493349
2.498789
2.503171
2.506507
2.508812
2.510105
2.510409
2.509752
2.508161
2.505672
2.50232
2.498145
2.493189
2.487496
2.481114
2.474093
2.466484
2.458342
2.44972
2.440676
2.431268
2.421554
2.411595
2.401449
2.391177
2.380839
2.370496
2.360206
2.350028
2.34002
2.330238
2.320737
2.31157
2.302789
2.294444
2.28658
2.279243
2.272474
2.266313
2.260795
2.255953
2.251817
2.248413
2.245763
2.243886
2.242799
2.242512
2.243033
2.244367
2.246513
2.249467
2.253223
2.257769
2.26309
2.269166
2.275976
2.283494
2.291689
2.300531
2.309981
2.320002
2.330552
2.341586
2.353057
2.364915
2.377109
2.389585
2.402288
2.415161
2.428145
2.441181
2.45421
2.46717
2.48
2.49264
2.505028
2.517104
2.528808
2.54008
2.550863
2.5611
2.570736
2.579718
2.587995
2.595517
2.602238
2.608114
2.613104
2.617169
2.620275
2.62239
2.623485
2.623535
2.62252
2.620421
2.617225
2.612921
2.607505
2.600973
2.593329
2.584576
2.574726
2.563792
2.551792
2.538746
2.52468
2.509623
2.493607
2.476667
2.458843
2.440177
2.420713
2.4005
2.379588
2.35803
2.335881
2.313199
2.290043
2.266473
2.242551
2.218341
2.193907
2.169314
2.144626
2.11991
2.09523
2.070651
2.046238
2.022055
1.998163
1.974624
1.951498
1.928843
1.906715
1.885167
1.864251
1.844016
1.824509
1.805771
1.787844
1.770765
1.754566
1.739279
1.72493
1.711541
1.699131
1.687717
1.677309
1.667914
1.659538
1.652178
1.645832
1.64049
1.636142
1.632771
1.630357
1.628879
1.628308
1.628617
1.62977
1.631733
1.634465
1.637925
1.642068
1.646847
1.652212
1.658113
1.664495
1.671304
1.678485
1.685979
1.693729
1.701675
1.709758
1.717919
1.726099
1.734239
1.742279
1.750162
1.757832
1.765233
1.772312
1.779016
1.785294
1.7911
1.796386
1.801111
1.805232
1.808714
1.81152
1.813621
1.814987
1.815594
1.81542
1.814449
1.812667
1.810063
1.806631
1.802369
1.797278
1.791363
1.784634
1.777103
1.768788
1.759708
1.749887
1.739354
1.728138
1.716275
1.703802
1.690758
1.677188
1.663138
1.648656
1.633792
1.618601
1.603136
1.587456
1.571617
1.555679
1.539704
1.523751
1.507883
1.492162
1.47665
1.461409
1.4465
1.431986
1.417924
1.404375
1.391395
1.379041
1.367367
1.356423
1.346261
1.336927
1.328465
1.320918
1.314324
1.308719
1.304134
1.3006
1.29814
1.296777
1.296528
1.297409
1.299428
1.302592
1.306903
1.312361
1.318959
1.326687
1.335533
1.345479
1.356504
1.368582
1.381687
1.395784
1.41084
1.426815
1.443668
1.461353
1.479823
1.499028
1.518915
1.53943
1.560514
1.582111
1.604158
1.626594
1.649358
1.672384
1.695609
1.718967
1.742395
1.765826
1.789198
1.812445
1.835505
1.858316
1.880817
1.902949
1.924655
1.94588
1.966569
1.986673
2.006144
2.024934
2.043003
2.06031
2.07682
2.092499
2.107318
2.121251
2.134276
2.146374
2.157531
2.167736
2.176982
2.185266
2.192588
2.198954
2.204373
2.208856
2.21242
2.215084
2.216873
2.217812
2.217933
2.217268
2.215854
2.21373
2.21094
2.207527
2.203538
2.199024
2.194035
2.188625
2.182847
2.176759
2.170417
2.163879
2.157204
2.15045
2.143676
2.136942
2.130305
2.123824
2.117556
2.111556
2.105879
2.100578
2.095705
2.091308
2.087435
2.084131
2.081437
2.079393
2.078036
2.077399
2.077512
2.078401
2.080092
2.082602
2.085949
2.090144
2.095197
2.101112
2.107891
2.11553
2.124023
2.13336
2.143525
2.154501
2.166265
2.178794
2.192056
2.206021
2.220652
2.235911
2.251755
2.26814
2.285019
2.302342
2.320056
2.338107
2.356439
2.374994
2.393712
2.412533
2.431396
2.450237
2.468995
2.487605
2.506005
2.524131
2.541922
2.559315
2.57625
2.592666
2.608507
2.623714
2.638233
2.652012
2.665001
2.677151
2.688417
2.698757
2.708133
2.716506
2.723846
2.730122
2.735309
2.739384
2.74233
2.744131
2.744778
2.744262
2.742583
2.73974
2.735739
2.73059
2.724304
2.7169
2.708398
2.698822
2.6882
2.676564
2.66395
2.650394
2.63594
2.62063
2.604513
2.587637
2.570056
2.551823
2.532994
2.513629
2.493787
2.473529
2.452916
2.432013
2.410882
2.389589
2.368196
2.346768
2.325368
2.30406
2.282907
2.261967
2.241303
2.220972
2.20103
2.181532
2.16253
2.144073
2.126211
2.108986
2.09244
2.076613
2.061538
2.047249
2.033773
2.021136
2.009359
1.998459
1.98845
1.979341
1.97114
1.963847
1.957462
1.951978
1.947387
1.943674
1.940823
1.938814
1.937622
1.937219
1.937576
1.938657
1.940426
1.942843
1.945865
1.949447
1.953541
1.958098
1.963066
1.968391
1.97402
1.979895
1.98596
1.992157
1.998428
2.004713
2.010954
2.017092
2.02307
2.028829
2.034313
2.039466
2.044235
2.048567
2.052411
2.055719
2.058444
2.060542
2.061972
2.062695
2.062676
2.061883
2.060285
2.057858
2.054579
2.050428
2.045392
2.039459
2.03262
2.024873
2.016218
2.006658
1.996202
1.984861
1.972652
1.959592
1.945707
1.931021
1.915566
1.899374
1.882484
1.864935
1.84677
1.828035
1.808778
1.789051
1.768908
1.748403
1.727594
1.70654
1.685301
1.66394
1.642518
1.621099
1.599748
1.578528
1.557503
1.536737
1.516294
1.496236
1.476625
1.457521
1.438983
1.421069
1.403834
1.387331
1.371611
1.356723
1.342713
1.329623
1.317493
1.30636
1.296258
1.287215
1.279259
1.272412
1.266693
1.262116
1.258694
1.256432
1.255335
1.255401
1.256626
1.259001
1.262513
1.267147
1.272881
1.279693
1.287553
1.296432
1.306294
1.317103
1.328817
1.341392
1.354782
1.368937
1.383807
1.399338
1.415473
1.432156
1.449328
1.466927
1.484894
1.503165
1.521678
1.54037
1.559177
1.578037
1.596886
1.615664
1.634308
1.652759
1.670957
1.688847
1.706372
1.723479
1.740117
1.756238
1.771795
1.786744
1.801047
1.814665
1.827564
1.839714
1.851087
1.86166
1.871413
1.880329
1.888396
1.895606
1.901953
1.907437
1.91206
1.91583
1.918757
1.920855
1.922142
1.92264
1.922375
1.921373
1.919669
1.917295
1.914291
1.910697
1.906556
1.901915
1.896822
1.891326
1.885481
1.87934
1.872958
1.866392
1.859699
1.852938
1.846167
1.839445
1.832831
1.826384
1.820161
1.814222
1.808621
1.803415
1.798656
1.794399
1.790692
1.787584
1.785122
1.783348
1.782304
1.782027
1.782553
1.783914
1.786137
1.789248
1.79327
1.798219
1.80411
1.810953
1.818756
1.827521
1.837247
1.847929
1.859558
1.872122
1.885603
1.899982
1.915235
1.931333
1.948246
1.965939
1.984373
2.003509
2.023302
2.043705
2.064669
2.086141
2.108067
2.130391
2.153055
2.175998
2.199159
2.222476
2.245886
2.269324
2.292725
2.316024
2.339158
2.362061
2.384669
2.406918
2.428748
2.450095
2.470902
2.49111
2.510663
2.529507
2.547591
2.564866
2.581285
2.596805
2.611387
2.624992
2.637587
2.649142
2.65963
2.669028
2.677318
2.684482
2.690511
2.695396
2.699134
2.701725
2.703173
2.703488
2.70268
2.700766
2.697766
2.693703
2.688604
2.6825
2.675425
2.667416
2.658512
2.648758
2.638199
2.626884
2.614863
2.60219
2.588918
2.575106
2.56081
2.546091
2.531009
2.515624
2.5
