1000
52
42
87
33
31
42
49
37
74
33
6
95
73
91
63
16
26
25
39
84
29
81
35
95
76
69
26
69
13
92
18
30
77
70
92
93
72
71
13
96
88
40
92
13
66
57
62
34
81
35
5
12
82
30
100
32
91
9
99
82
34
98
97
84
41
91
65
81
70
11
60
90
4
62
3
51
40
79
8
65
50
27
51
91
15
30
34
92
69
34
52
52
61
40
84
71
84
60
53
96
62
61
64
82
22
47
54
58
100
94
92
23
3
28
6
95
18
47
7
37
3
63
15
74
63
75
31
12
67
51
21
19
19
64
8
82
76
89
50
10
52
76
84
65
2
77
18
54
47
36
3
82
35
41
18
4
9
76
82
60
1
17
51
48
10
53
6
63
1
29
25
42
39
84
29
46
73
9
79
81
76
75
73
62
95
31
92
28
65
67
61
9
31
21
27
95
45
14
16
47
70
86
48
80
37
66
24
70
91
77
90
73
56
41
65
84
67
61
44
22
17
32
21
83
31
31
53
33
32
33
79
54
58
91
91
52
64
28
69
7
67
91
32
17
40
74
42
23
56
84
85
41
82
35
57
8
4
22
28
90
54
65
41
82
20
97
58
42
24
18
18
94
18
44
28
50
2
7
49
84
66
48
35
42
84
67
92
17
72
33
7
18
22
75
22
16
41
9
91
80
1
30
17
18
24
54
6
81
100
11
96
7
80
91
98
20
35
39
2
87
69
59
61
19
67
30
48
20
12
78
19
3
76
99
8
64
86
22
2
28
17
12
88
87
22
68
32
5
37
69
55
84
36
93
91
2
9
62
95
68
26
62
89
62
68
93
16
40
99
78
28
96
43
34
18
92
12
52
67
92
4
96
29
50
4
10
36
23
88
30
52
31
76
79
66
38
23
68
23
76
85
56
15
34
5
35
54
96
71
56
68
46
62
95
100
4
40
40
10
89
26
83
82
8
95
98
91
24
76
64
8
72
75
27
37
83
9
44
51
21
89
75
100
96
54
16
59
59
99
25
59
80
39
42
45
77
72
19
88
24
21
95
13
4
44
42
54
2
28
7
76
18
60
78
71
70
51
97
14
80
57
50
45
24
6
37
99
88
62
56
80
100
40
90
23
43
37
76
4
38
90
50
63
39
69
84
9
48
74
43
56
44
23
70
59
31
37
28
56
50
41
90
79
96
50
73
36
100
28
64
68
100
66
52
65
57
71
24
59
61
71
95
59
72
68
15
51
64
96
47
62
38
28
1
2
22
1
98
54
57
82
55
5
76
46
67
24
53
21
58
36
79
44
68
8
7
55
57
92
54
26
16
33
78
66
51
10
67
22
77
95
88
21
75
51
67
47
60
68
29
80
77
49
31
100
57
9
63
44
20
74
18
87
70
74
51
61
5
57
78
22
29
85
95
50
47
57
94
75
83
41
7
3
38
13
100
19
6
38
69
69
7
11
61
53
34
38
24
92
14
69
77
51
97
9
19
77
68
35
13
2
94
51
5
12
29
4
91
70
82
88
9
66
43
8
65
35
25
38
71
17
71
52
36
30
88
49
41
88
1
88
35
3
54
27
29
27
3
61
65
20
62
34
46
19
84
31
80
64
7
49
71
87
60
73
85
70
34
19
23
87
1
73
61
75
83
65
7
41
28
90
30
62
8
78
100
15
4
7
33
38
30
72
38
79
56
85
15
4
52
78
50
29
71
7
86
10
81
8
7
87
38
8
40
87
34
20
51
60
19
85
93
72
11
6
54
93
9
38
86
87
66
4
25
71
53
56
84
26
35
67
19
46
2
73
18
45
42
81
88
98
61
82
96
55
72
24
65
73
8
9
66
30
14
96
32
85
82
78
90
14
89
89
41
54
1
35
40
35
88
53
64
53
74
50
16
14
45
87
4
67
55
23
16
15
17
14
56
46
15
61
53
33
62
72
14
32
98
90
20
35
56
2
94
54
65
27
80
39
91
54
80
53
10
68
89
99
67
75
27
63
58
39
66
89
89
54
78
44
71
74
34
66
61
8
48
22
29
53
100
74
47
23
22
18
40
86
14
4
99
21
76
17
36
91
80
10
64
14
41
28
48
49
95
19
99
11
29
57
85
37
49
9
80
13
10
12
13
66
12
48
1
57
27
81
32
2
12
98
85
77
47
51
57
25
54
52
19
53
91
50
22
97
98
33
49
33
68
95
38
92
75
62
90
35
55
95
69
72
56
55
72
27
62
30
88
12
74
74
13
49
97
19
45
98
94
51
86
78
12
